410	1.04
726	1.04
1028	1.04
1337	1.04
1651	1.04
1964	1.04
2264	1.04
2269	1.04
2592	1.04
2902	1.04
2904	1.04
3210	1.04
3531	1.04
3853	1.04
4164	1.04
4424	1.04
4450	1.04
4689	1.04
4696	1.04
5017	1.04
5321	1.04
5644	1.04
5643	1.04
5957	1.04
6272	1.04
6548	1.04
6550	1.04
6873	1.04
7117	1.04
7415	1.04
7694	1.04
8019	1.04
8341	1.04
8661	1.04
8983	1.04
9271	1.04
9585	1.04
9858	1.04
10171	1.04
10459	1.04
10763	1.04
11074	1.04
11394	1.04
11693	1.04
11949	1.04
12256	1.04
12490	1.04
12802	1.04
13096	1.04
13385	1.04
13400	1.04
13689	1.04
13699	1.04
13984	1.04
13984	1.04
14299	1.04
14601	1.04
14926	1.04
15246	1.04
15560	1.04
15886	1.04
16209	1.04
16510	1.04
16833	1.04
17152	1.04
17452	1.04
17761	1.04
18062	1.04
18348	1.04
18672	1.04
18979	1.04
19297	1.04
19616	1.04
19939	1.04
20255	1.04
20572	1.04
20890	1.04
21169	1.04
21455	1.04
21743	1.04
22038	1.04
22346	1.04
22650	1.04
22903	1.04
23212	1.04
23214	1.04
23522	1.04
23847	1.04
24169	1.04
24467	1.04
24789	1.04
25076	1.04
25369	1.04
25673	1.04
25994	1.04
26315	1.04
26590	1.04
26913	1.04
27215	1.04
27227	1.04
27533	1.04
27854	1.04
28172	1.04
28464	1.04
28779	1.04
29063	1.04
29378	1.04
29693	1.04
29866	1.04
